0.627697
0.6223582
0.64704657
0.6254861
0.6848499
0.77210677
0.81011266
0.79301995
0.9617299
1.0183612
1.0656403
1.3321391
1.4714023
1.3863524
1.3270878
1.3558574
1.4358225
1.6224084
1.5871154
1.4610261
1.2707534
1.2427723
1.2591877
1.4242725
1.4422954
1.3904607
1.2118349
1.0570747
0.8216362
0.75964934
0.8003855
0.817547
0.95418066
1.019294
1.2634475
1.4763584
1.4449884
1.3951347
1.4286098
1.2417814
0.99153817
0.894393
0.84665513
0.77457094
0.8148477
0.8214747
0.99903804
1.2328701
1.3272053
1.3480898
1.4239572
1.393621
1.4325217
1.1990197
1.0156163
1.0098516
0.86576027
0.6564192
0.6388506
0.53311884
0.5988986
0.6778782
0.6085396
0.51137525
0.640304
0.6556501
0.6681853
0.64730453
0.79605955
1.0197189
1.1911414
1.3123413
1.3051522
1.1327457
0.9629739
1.0237583
1.1144527
1.2094758
1.0786322
0.8811367
0.70575553
0.5254372
0.54533917
0.54959756
0.5995577
0.57735586
0.52198666
0.5082275
0.5425155
0.60042584
0.69169253
0.6512733
0.80834365
0.87369746
1.1686093
1.3239745
1.3351883
1.3301506
1.2935092
1.2629372
